0.100000 0.6289444 0.0296302 0.0309669 -0.0018895 -0.0152290 0.0875688 0.9960403
0.200000 1.2752665 0.2152802 0.0607507 -0.0070984 -0.0139944 -0.0122248 0.9998021
0.300000 1.8732778 0.1234063 0.1020667 -0.0036145 -0.0185478 -0.2320302 0.9725250
0.400000 2.1300330 -0.2153355 0.1164393 -0.0101620 -0.0138407 -0.4350315 0.9002515
0.500000 2.4057799 -0.5213542 0.1486598 -0.0108297 0.0023707 -0.6045389 0.7964984
0.600000 2.5842833 -0.9734540 0.1632108 -0.0028986 -0.0084546 -0.4319601 0.9018484
0.700000 3.0025591 -1.2494316 0.1602095 -0.0111404 0.0185446 -0.1916926 0.9812166
0.800000 3.5692999 -1.4785710 0.1350200 -0.0013938 0.0316330 -0.1032753 0.9941487
0.900000 4.1925943 -1.5798917 0.1558167 -0.0226637 -0.0289479 0.0980569 0.9945015
1.000000 4.6224870 -1.3559462 0.1923669 -0.0406460 -0.0223705 0.4058861 0.9127453
1.100000 4.8590048 -0.7672527 0.1940536 -0.0508855 -0.0149112 0.6110509 0.7898133
1.200000 4.9727686 -0.2492268 0.1917179 -0.0526460 -0.0128752 0.6268084 0.7772862
1.300000 5.0792523 0.3158828 0.1950340 -0.0413162 -0.0161283 0.6391534 0.7677993
1.400000 5.2334752 0.8823550 0.1883789 -0.0443979 -0.0259450 0.6264756 0.7777429
1.500000 5.4397463 1.5536410 0.2043051 -0.0417675 -0.0181110 0.6174413 0.7852985
1.600000 5.5536311 2.2562563 0.1993427 -0.0510223 -0.0115996 0.5982453 0.7996029
1.700000 5.6851006 2.7748833 0.1926720 -0.0494676 -0.0217748 0.6164404 0.7855444
1.800000 5.7614729 3.3502991 0.1970400 -0.0456552 -0.0261846 0.6217359 0.7814566
1.900000 5.9032180 4.0348110 0.1932057 -0.0583569 -0.0218266 0.6165537 0.7848437
2.000000 5.9899817 4.5229420 0.1888639 -0.0586954 -0.0262305 0.5787320 0.8129797
2.100000 6.1415671 5.1265110 0.1980370 -0.0380040 -0.0625427 0.5857898 0.8071520
2.200000 6.3915241 5.7318630 0.2175831 -0.0525692 -0.0251691 0.6248353 0.7785781
2.300000 6.5678163 6.3690687 0.2281667 -0.0476994 -0.0240195 0.5834643 0.8103810
2.400000 6.7677222 6.9387563 0.2442542 -0.0535087 -0.0475717 0.6015231 0.7956404
2.500000 6.9305971 7.4680752 0.2578481 -0.0407303 -0.0318517 0.5844908 0.8097512
2.600000 7.1513364 8.0694463 0.2973533 -0.0613459 -0.0327789 0.6012469 0.7960304
2.700000 7.2758465 8.6028174 0.2992914 -0.0599940 -0.0300919 0.6054065 0.7930814
2.800000 7.4822798 9.2292834 0.3057340 -0.0559630 -0.0302936 0.5869880 0.8070908
2.900000 7.7186941 9.8091418 0.3250824 -0.0514068 -0.0365498 0.5609975 0.8254110
3.000000 7.8958602 10.3994841 0.3353562 -0.0544803 -0.0497150 0.5403318 0.8382135
3.100000 8.1986917 11.0547516 0.3784268 -0.0692619 -0.0516106 0.5383549 0.8382799
3.200000 8.5365754 11.6632152 0.4046101 -0.0478443 -0.0323565 0.5306525 0.8456193
3.300000 8.8318830 12.2162701 0.4217814 -0.0348473 -0.0223076 0.5186793 0.8539671
3.400000 9.0367560 12.7577063 0.4295290 -0.0342603 -0.0308169 0.5254021 0.8496053
3.500000 9.2363408 13.2308860 0.4455245 -0.0397777 -0.0236285 0.4903829 0.8702782
3.600000 9.6011468 13.7002130 0.4611141 -0.0440530 -0.0197951 0.5019665 0.8635375
